Composite table:
 year   STEOStorageInjectionFactor  STEOStorageWithdrawalFactor      STEOBalancingItemFactor
!----   --------------------------  ---------------------------      -----------------------
 2021                     0.998240                     1.001730                   -14.004328
 2022                     0.949351                     1.050649                    84.332590
 2023                     1.048927                     0.951073                    -2.760640
 2024                     1.039141                     0.960859                    -2.008512
 2025                     1.029356                     0.970644                    -1.256384
 2026                     1.019571                     0.980429                    -0.504256
 2027                     1.009785                     0.990215                     0.247872
 2028                     1.000000                     1.000000                     1.000000
;
Composite table:
 year  STEOLNGExportsFactor  STEOLNGImportsFactor
!----  --------------------  --------------------
 2021           -109.975800              1.007748
 2022            231.003950              1.154540
 2023            433.862000              1.421729
 2024              0.000000              1.337383
 2025              0.000000              1.253037
 2026              0.000000              1.168692
 2027              0.000000              1.084346
 2028              0.000000              1.000000
;
Composite table:
 year   STEOLeaseFuelFactor    STEOPipeFuelFactor  STEOSupplementalSupplyFactor
!----   -------------------    ------------------  ----------------------------
 2021              1.082189              1.370165                      0.934877
 2022              1.099867              1.352550                      0.999247
 2023              1.106988              1.176992                      1.020757
 2024              1.085590              1.141594                      1.016605
 2025              1.064193              1.106195                      1.012454
 2026              1.042795              1.070797                      1.008303
 2027              1.021398              1.035398                      1.004151
 2028              1.000000              1.000000                      1.000000
;
Composite table:
 year    STEOWellhdPriceFactor  STEOElectricPriceFactor
!----    ---------------------  -----------------------
 2021              0.729881162                 1.151508
 2022              1.999010130                 1.008776
 2023              0.646089150                 0.931874
 2024              1.000000000                 0.945499
 2025              1.000000000                 0.959125
 2026              1.000000000                 0.972750
 2027              1.000000000                 0.986375
 2028              1.000000000                 1.000000
;
Composite table:
 year    STEOPipelineImportFactor    STEOMXExportFactor    STEOCNExportFactor
!----    ------------------------    ------------------    ------------------
 2021                    1.076522           -129.957801              1.116173
 2022                    1.096362             15.644472              1.128923
 2023                    0.999971             -8.079570              1.104683
 2024                    1.000000             -6.263656              1.000000
 2025                    1.000000             -4.447742              1.000000
 2026                    1.000000             -2.631828              1.000000
 2027                    1.000000             -0.815914              1.000000
 2028                    1.000000              1.000000              1.000000
;
STEOEndUsePriceFactor := data table
                       NewEngland MidAtlantic   ENCentral   WNCentral   Satlantic   ESCentral   WSCentral    Mountain     Pacific
                    ! ----------- ----------- ----------- ----------- ----------- ----------- ----------- ----------- -----------
(2021,Residential   )    0.973326    1.050009    1.023528    0.833692    0.981659    0.905030    1.146770    0.905159    1.321760
(2022,Residential   )    0.971440    0.916616    0.813779    0.867919    0.884550    0.705475    1.006942    0.792069    1.293326
(2023,Residential   )    0.983315    1.087886    1.120135    1.062509    0.969773    1.206436    1.069425    1.036711    1.344301
(2024,Residential   )    0.986652    1.070309    1.096108    1.050007    0.975819    1.165149    1.055540    1.029369    1.275441
(2025,Residential   )    0.989989    1.052732    1.072081    1.037505    0.981864    1.123861    1.041655    1.022027    1.206581
(2026,Residential   )    0.993326    1.035154    1.048054    1.025003    0.987909    1.082574    1.027770    1.014684    1.137721
(2027,Residential   )    0.996663    1.017577    1.024027    1.012502    0.993955    1.041287    1.013885    1.007342    1.068860
(2028,Residential   )    1.000000    1.000000    1.000000    1.000000    1.000000    1.000000    1.000000    1.000000    1.000000
(2021,Commercial    )    0.894385    0.993976    0.977246    0.772998    0.888559    0.935164    1.022186    0.894009    1.089277
(2022,Commercial    )    0.934157    0.931767    0.851271    0.923174    0.880618    0.869788    0.937613    0.801191    0.945324
(2023,Commercial    )    1.024068    1.157044    1.171631    1.085680    1.016660    1.019808    1.111725    1.060955    1.063072
(2024,Commercial    )    1.019254    1.125635    1.137305    1.068544    1.013328    1.015846    1.089380    1.048764    1.050458
(2025,Commercial    )    1.014441    1.094227    1.102979    1.051408    1.009996    1.011885    1.067035    1.036573    1.037843
(2026,Commercial    )    1.009627    1.062818    1.068652    1.034272    1.006664    1.007923    1.044690    1.024382    1.025229
(2027,Commercial    )    1.004814    1.031409    1.034326    1.017136    1.003332    1.003962    1.022345    1.012191    1.012614
(2028,Commercial    )    1.000000    1.000000    1.000000    1.000000    1.000000    1.000000    1.000000    1.000000    1.000000
(2021,Industrial    )    1.000000    1.000000    1.000000    1.000000    1.000000    1.000000    1.000000    1.000000    1.000000
(2022,Industrial    )    1.000000    1.000000    1.000000    1.000000    1.000000    1.000000    1.000000    1.000000    1.000000
(2023,Industrial    )    1.000000    1.000000    1.000000    1.000000    1.000000    1.000000    1.000000    1.000000    1.000000
(2024,Industrial    )    1.000000    1.000000    1.000000    1.000000    1.000000    1.000000    1.000000    1.000000    1.000000
(2025,Industrial    )    1.000000    1.000000    1.000000    1.000000    1.000000    1.000000    1.000000    1.000000    1.000000
(2026,Industrial    )    1.000000    1.000000    1.000000    1.000000    1.000000    1.000000    1.000000    1.000000    1.000000
(2027,Industrial    )    1.000000    1.000000    1.000000    1.000000    1.000000    1.000000    1.000000    1.000000    1.000000
(2028,Industrial    )    1.000000    1.000000    1.000000    1.000000    1.000000    1.000000    1.000000    1.000000    1.000000
(2021,Transportation)    1.000000    1.000000    1.000000    1.000000    1.000000    1.000000    1.000000    1.000000    1.000000
(2022,Transportation)    1.000000    1.000000    1.000000    1.000000    1.000000    1.000000    1.000000    1.000000    1.000000
(2023,Transportation)    1.000000    1.000000    1.000000    1.000000    1.000000    1.000000    1.000000    1.000000    1.000000
(2024,Transportation)    1.000000    1.000000    1.000000    1.000000    1.000000    1.000000    1.000000    1.000000    1.000000
(2025,Transportation)    1.000000    1.000000    1.000000    1.000000    1.000000    1.000000    1.000000    1.000000    1.000000
(2026,Transportation)    1.000000    1.000000    1.000000    1.000000    1.000000    1.000000    1.000000    1.000000    1.000000
(2027,Transportation)    1.000000    1.000000    1.000000    1.000000    1.000000    1.000000    1.000000    1.000000    1.000000
(2028,Transportation)    1.000000    1.000000    1.000000    1.000000    1.000000    1.000000    1.000000    1.000000    1.000000
(2021,Electric      )    1.000000    1.000000    1.000000    1.000000    1.000000    1.000000    1.000000    1.000000    1.000000
(2022,Electric      )    1.000000    1.000000    1.000000    1.000000    1.000000    1.000000    1.000000    1.000000    1.000000
(2023,Electric      )    1.000000    1.000000    1.000000    1.000000    1.000000    1.000000    1.000000    1.000000    1.000000
(2024,Electric      )    1.000000    1.000000    1.000000    1.000000    1.000000    1.000000    1.000000    1.000000    1.000000
(2025,Electric      )    1.000000    1.000000    1.000000    1.000000    1.000000    1.000000    1.000000    1.000000    1.000000
(2026,Electric      )    1.000000    1.000000    1.000000    1.000000    1.000000    1.000000    1.000000    1.000000    1.000000
(2027,Electric      )    1.000000    1.000000    1.000000    1.000000    1.000000    1.000000    1.000000    1.000000    1.000000
(2028,Electric      )    1.000000    1.000000    1.000000    1.000000    1.000000    1.000000    1.000000    1.000000    1.000000
;
